823871076 823871076 0.0
823871076 1194767129 0.30720252
823871076 2144850691 0.6851523
823871076 515021620 0.80626094
823871076 189354411 0.96288675
823871076 1204142297 0.8556422
823871076 1240682397 0.18959403
823871076 1329951689 0.7088458
823871076 378539729 0.047840774
1194767129 823871076 0.2169314
1194767129 1194767129 0.0
1194767129 2144850691 0.6628618
1194767129 515021620 0.9102289
1194767129 189354411 0.8137862
1194767129 1204142297 0.34849954
1194767129 1240682397 0.3710096
1194767129 1329951689 0.13247508
1194767129 378539729 0.58282405
2144850691 823871076 0.2059722
2144850691 1194767129 0.17397952
2144850691 2144850691 0.0
2144850691 515021620 0.70805293
2144850691 189354411 0.7471147
2144850691 1204142297 0.033059835
2144850691 1240682397 0.14514881
2144850691 1329951689 0.8502944
2144850691 378539729 0.9914875
515021620 823871076 0.39880478
515021620 1194767129 0.5661157
515021620 2144850691 0.6020953
515021620 515021620 0.0
515021620 189354411 0.123402536
515021620 1204142297 0.46766877
515021620 1240682397 0.85872215
515021620 1329951689 0.7735986
515021620 378539729 0.7314655
189354411 823871076 0.12645137
189354411 1194767129 0.45546126
189354411 2144850691 0.30300242
189354411 515021620 0.23314846
189354411 189354411 0.0
189354411 1204142297 0.45740533
189354411 1240682397 0.24589634
189354411 1329951689 0.70039254
189354411 378539729 0.087367475
1204142297 823871076 0.69091535
1204142297 1194767129 0.21212482
1204142297 2144850691 0.4971838
1204142297 515021620 0.40628397
1204142297 189354411 0.82361627
1204142297 1204142297 0.0
1204142297 1240682397 0.3378831
1204142297 1329951689 0.5610587
1204142297 378539729 0.9119108
1240682397 823871076 0.0068531632
1240682397 1194767129 0.26645356
1240682397 2144850691 0.33904117
1240682397 515021620 0.04623711
1240682397 189354411 0.1320576
1240682397 1204142297 0.43058836
1240682397 1240682397 0.0
1240682397 1329951689 0.35347515
1240682397 378539729 0.09867513
1329951689 823871076 0.6281991
1329951689 1194767129 0.18729806
1329951689 2144850691 0.8442724
1329951689 515021620 0.89233726
1329951689 189354411 0.78433746
1329951689 1204142297 0.5812999
1329951689 1240682397 0.27603698
1329951689 1329951689 0.0
1329951689 378539729 0.9422711
378539729 823871076 0.18797284
378539729 1194767129 0.7185295
378539729 2144850691 0.41389352
378539729 515021620 0.026216924
378539729 189354411 0.47598696
378539729 1204142297 0.8563677
378539729 1240682397 0.92348015
378539729 1329951689 0.89425397
378539729 378539729 0.0
